               case  vert_rms_mm  vert_max_mm  rim_sag_mm  deep_bias_mm  free_flange_bias_mm  depth_release_mm  sb_rel_rms_mm  sb_tot_rms_mm  sb_tot_max_mm  runtime_s  increments  iterations  cuts
        bench_cache        0.767        1.426      -1.151        -0.188               -0.455             3.173          0.151          0.120          0.139    353.664         288        1906     9
   h0.625_L1_im_tp7        0.688        1.236      -1.038        -0.202               -0.393             3.224          0.155          0.131          0.157   4440.790         507        3587     4
  h0.625_L2_std_x05        0.681        1.228      -1.029        -0.184               -0.376             3.209          0.125          0.105          0.128   6615.160          20          74     0
   h0.714_L1_im_tp5        0.691        1.243      -1.043        -0.202               -0.394             3.219          0.154          0.130          0.156   2443.303         495        3551     3
h0.714_L1_im_tp5_p3        0.698        1.253      -1.054        -0.205               -0.399             3.217          0.157          0.133          0.159   1447.567         216        1745     1
   h0.833_L1_im_tp5        0.698        1.250      -1.052        -0.204               -0.397             3.219          0.157          0.132          0.158   1585.754         483        3351     3
h0.833_L1_im_tp5_p3        0.706        1.265      -1.065        -0.208               -0.404             3.220          0.162          0.136          0.162    798.426         221        1651     1
       h1_L1_im_tp5        0.710        1.273      -1.071        -0.206               -0.407             3.204          0.164          0.137          0.164   1030.344         455        3003     3
       h1_L1_im_tp7        0.708        1.274      -1.068        -0.204               -0.406             3.206          0.164          0.137          0.164   1588.753         418        2814     4
       h1_L2_im_tp3        0.711        1.269      -1.071        -0.211               -0.400             3.218          0.163          0.140          0.164   1667.627         533        3474     5
          h1_L2_std        0.716        1.280      -1.076        -0.212               -0.401             3.211          0.155          0.135          0.157   1600.712         477        3170     5
      h1_L2_std_x05        0.703        1.261      -1.059        -0.196               -0.385             3.200          0.132          0.113          0.130   2463.439          20          72     0
       h2_L1_im_tp5        0.811        1.469      -1.218        -0.222               -0.505             3.181          0.186          0.143          0.173    248.719         297        1988     6
       h2_L1_im_tp7        0.809        1.466      -1.215        -0.221               -0.503             3.182          0.186          0.142          0.172    307.827         333        2120    10
           h2_L2_im        0.803        1.458      -1.206        -0.217               -0.485             3.185          0.182          0.142          0.169    391.611         290        2017     8
          h2_L2_std        0.767        1.426      -1.151        -0.188               -0.455             3.173          0.151          0.120          0.139    214.628         288        1906     9
       h2_L2_std_p3        0.768        1.418      -1.153        -0.188               -0.455             3.176          0.149          0.121          0.140     77.135         161        1094     2
      h2_L2_std_p30        0.767        1.424      -1.151        -0.188               -0.453             3.170          0.148          0.117          0.137    221.143         445        2844    10
    h2_L2_std_rel40        0.767        1.426      -1.151        -0.188               -0.455             3.173          0.151          0.120          0.139    160.835         348        2071     9
     h2_L2_std_t0.5        0.767        1.424      -1.151        -0.189               -0.454             3.171          0.149          0.118          0.138    154.238         302        1941     4
  h2_L2_std_tol1e-8        0.767        1.423      -1.152        -0.190               -0.456             3.176          0.153          0.122          0.140    138.487         241        1778     2
      h2_L2_std_tp5        0.767        1.423      -1.152        -0.189               -0.456             3.177          0.152          0.122          0.141    308.102         283        1908     9
      h2_L2_std_x05        0.754        1.405      -1.133        -0.173               -0.437             3.151          0.122          0.105          0.125    603.898          20          71     0
          h2_L4_std        0.768        1.426      -1.153        -0.189               -0.455             3.172          0.151          0.119          0.138    629.584         300        2086     6
                                     case           reference  release_rms_part_mm  release_max_part_mm  release_upper_bias_diff_mm  sb_tot_rms_part_mm  form_rms_part_mm
                              bench_cache           h2_L2_std               0.0000               0.0000                     -0.0000              0.0000            0.0000
                                h2_L2_std           h1_L2_std               0.0704               0.2360                     -0.0748              0.0157            0.0721
                                h2_L2_std           h2_L4_std               0.0034               0.0165                      0.0021              0.0006            0.0037
                                h2_L2_std            h2_L2_im               0.0490               0.2408                      0.0551              0.0225            0.0339
                                h2_L2_std        h2_L1_im_tp5               0.0580               0.2792                      0.0668              0.0238            0.0416
                                h2_L2_std        h2_L1_im_tp7               0.0567               0.2821                      0.0643              0.0234            0.0410
                                h2_L2_std       h2_L2_std_tp5               0.0022               0.0079                      0.0010              0.0025            0.0022
                             h2_L1_im_tp5        h2_L1_im_tp7               0.0022               0.0041                     -0.0025              0.0005            0.0017
                             h1_L1_im_tp5        h1_L1_im_tp7               0.0032               0.0248                     -0.0023              0.0004            0.0030
                             h2_L1_im_tp7        h1_L1_im_tp7               0.1073               0.2186                     -0.1470              0.0078            0.1015
                             h1_L1_im_tp7    h0.625_L1_im_tp7               0.0250               0.0611                     -0.0300              0.0055            0.0224
                             h1_L2_im_tp3        h1_L1_im_tp7               0.0080               0.0267                     -0.0025              0.0050            0.0065
                                h1_L2_std        h1_L2_im_tp3               0.0104               0.0439                     -0.0055              0.0052            0.0117
                                h1_L2_std        h1_L1_im_tp7               0.0152               0.0540                     -0.0079              0.0063            0.0146
                                h2_L2_std      h2_L2_std_t0.5               0.0022               0.0119                      0.0001              0.0020            0.0032
                                h2_L2_std       h2_L2_std_p30               0.0024               0.0152                     -0.0003              0.0027            0.0037
                                h2_L2_std   h2_L2_std_tol1e-8               0.0027               0.0160                      0.0006              0.0022            0.0025
                                h2_L2_std     h2_L2_std_rel40               0.0000               0.0000                      0.0000              0.0000            0.0000
                             h2_L2_std_p3           h2_L2_std               0.0045               0.0235                     -0.0017              0.0016            0.0045
                            h1_L2_std_x05           h1_L2_std               0.0165               0.0229                      0.0177              0.0226            0.0074
                            h2_L2_std_x05           h2_L2_std               0.0167               0.0242                      0.0186              0.0164            0.0065
                        h0.625_L2_std_x05    h0.625_L1_im_tp7               0.0188               0.0600                      0.0095              0.0276            0.0175
                            h1_L2_std_x05   h0.625_L2_std_x05               0.0270               0.0770                     -0.0297              0.0130            0.0216
                            h2_L2_std_x05       h1_L2_std_x05               0.0702               0.2363                     -0.0739              0.0103            0.0692
                             h1_L1_im_tp7    h0.625_L1_im_tp7               0.0250               0.0611                     -0.0300              0.0055            0.0224
                                h2_L2_std    h0.625_L1_im_tp7               0.0986               0.2421                     -0.1126              0.0144            0.0990
                                h1_L2_std    h0.625_L1_im_tp7               0.0350               0.0831                     -0.0379              0.0064            0.0317
                             h2_L1_im_tp7    h0.625_L1_im_tp7               0.1299               0.2543                     -0.1769              0.0124            0.1206
                            h2_L2_std_x05    h0.625_L1_im_tp7               0.0933               0.2571                     -0.0941              0.0281            0.0975
                            h1_L2_std_x05    h0.625_L1_im_tp7               0.0279               0.0824                     -0.0201              0.0199            0.0347
                             h1_L1_im_tp5    h0.625_L1_im_tp7               0.0267               0.0648                     -0.0323              0.0058            0.0236
                         h0.833_L1_im_tp5    h0.625_L1_im_tp7               0.0143               0.0504                     -0.0138              0.0014            0.0134
                             h1_L1_im_tp5    h0.833_L1_im_tp5               0.0167               0.0551                     -0.0185              0.0051            0.0145
                      h0.833_L1_im_tp5_p3    h0.833_L1_im_tp5               0.0093               0.0207                     -0.0123              0.0039            0.0067
                                 h2_L2_im    h0.625_L1_im_tp7               0.1248               0.2460                     -0.1678              0.0123            0.1155
                                h2_L2_std        h1_L2_im_tp3               0.0766               0.2360                     -0.0802              0.0206            0.0799
                                h2_L2_std        h1_L1_im_tp7               0.0775               0.2273                     -0.0827              0.0191            0.0800
                                h2_L2_std    h0.625_L1_im_tp7               0.0986               0.2421                     -0.1126              0.0144            0.0990
                      h0.714_L1_im_tp5_p3    h0.625_L1_im_tp7               0.0133               0.0371                     -0.0153              0.0015            0.0124
                         h0.714_L1_im_tp5    h0.625_L1_im_tp7               0.0080               0.0355                     -0.0049              0.0022            0.0086
                      h0.714_L1_im_tp5_p3    h0.714_L1_im_tp5               0.0078               0.0143                     -0.0104              0.0032            0.0057
                      h0.714_L1_im_tp5_p3 h0.833_L1_im_tp5_p3               0.0113               0.0332                      0.0109              0.0037            0.0097
                              bench_cache    h0.625_L1_im_tp7               0.0986               0.2421                     -0.1126              0.0144            0.0990
                      h0.833_L1_im_tp5_p3    h0.625_L1_im_tp7               0.0207               0.0518                     -0.0261              0.0049            0.0174
                             h1_L2_im_tp3    h0.625_L1_im_tp7               0.0279               0.0671                     -0.0324              0.0090            0.0227
                             h2_L1_im_tp5    h0.625_L1_im_tp7               0.1316               0.2566                     -0.1795              0.0129            0.1219
                             h2_L2_std_p3    h0.625_L1_im_tp7               0.0991               0.2458                     -0.1143              0.0135            0.0996
                            h2_L2_std_p30    h0.625_L1_im_tp7               0.0988               0.2455                     -0.1123              0.0161            0.1006
                          h2_L2_std_rel40    h0.625_L1_im_tp7               0.0986               0.2421                     -0.1127              0.0144            0.0990
                           h2_L2_std_t0.5    h0.625_L1_im_tp7               0.0986               0.2451                     -0.1127              0.0154            0.1001
                        h2_L2_std_tol1e-8    h0.625_L1_im_tp7               0.0984               0.2404                     -0.1132              0.0133            0.0982
                            h2_L2_std_tp5    h0.625_L1_im_tp7               0.0985               0.2421                     -0.1137              0.0128            0.0984
                                h2_L4_std    h0.625_L1_im_tp7               0.1002               0.2481                     -0.1148              0.0148            0.1012
                h1_L2_std[every 2th node]           h1_L2_std               0.0418               0.1600                     -0.0042                 NaN               NaN
             h1_L1_im_tp7[every 2th node]        h1_L1_im_tp7               0.0417               0.1621                     -0.0053                 NaN               NaN
    h1_L1_im_tp7[every 2th node, bicubic]        h1_L1_im_tp7               0.0147               0.0628                      0.0027                 NaN               NaN
       h1_L2_std[every 2th node, bicubic]           h1_L2_std               0.0164               0.0567                      0.0038                 NaN               NaN
h0.625_L1_im_tp7[every 2th node, bicubic]    h0.625_L1_im_tp7               0.0074               0.0278                      0.0013                 NaN               NaN
       h2_L2_std[every 1th node, bicubic]        h1_L1_im_tp7               0.0671               0.2034                     -0.0768                 NaN               NaN
       h2_L2_std[every 1th node, bicubic]    h0.625_L1_im_tp7               0.0870               0.1998                     -0.1068                 NaN               NaN
    h2_L1_im_tp7[every 1th node, bicubic]    h0.625_L1_im_tp7               0.1265               0.2136                     -0.1748                 NaN               NaN
    h1_L1_im_tp7[every 1th node, bicubic]    h0.625_L1_im_tp7               0.0232               0.0567                     -0.0276                 NaN               NaN
