                  case  vert_rms_mm  vert_max_mm  rim_sag_mm  deep_bias_mm  free_flange_bias_mm  depth_release_mm  sb_rel_rms_mm  sb_tot_rms_mm  sb_tot_max_mm  runtime_s  increments  iterations  cuts
           bench_cache        0.703        1.287      -1.122         0.038               -0.442             2.758          0.156          0.150          0.163    374.672         342        2220    10
   c1_h0.625_L1_im_tp5        0.651        1.178      -1.043        -0.010               -0.393             2.808          0.170          0.165          0.182   3923.509         563        4319     2
   c1_h0.833_L1_im_tp5        0.657        1.187      -1.052        -0.004               -0.395             2.783          0.170          0.164          0.181   1965.142         603        4082     4
c1_h0.833_L1_im_tp5_p3        0.659        1.192      -1.055        -0.002               -0.396             2.785          0.170          0.165          0.181   1171.745         269        2105     1
       c1_h1_L1_im_tp5        0.664        1.209      -1.065        -0.010               -0.404             2.796          0.178          0.171          0.189   1146.653         474        3254     3
       c1_h2_L1_im_tp5        0.748        1.365      -1.198        -0.008               -0.497             2.746          0.184          0.167          0.193    189.548         226        1601     5
          c1_h2_L2_std        0.703        1.287      -1.122         0.038               -0.442             2.758          0.156          0.150          0.163    177.597         342        2220    10
                  case           reference  release_rms_part_mm  release_max_part_mm  release_upper_bias_diff_mm  sb_tot_rms_part_mm  form_rms_part_mm
           bench_cache        c1_h2_L2_std               0.0000               0.0000                      0.0000              0.0000            0.0000
          c1_h2_L2_std     c1_h2_L1_im_tp5               0.0717               0.1733                      0.0759              0.0208            0.0607
       c1_h2_L1_im_tp5     c1_h1_L1_im_tp5               0.0972               0.2111                     -0.1327              0.0099            0.0975
       c1_h1_L1_im_tp5 c1_h0.833_L1_im_tp5               0.0143               0.0544                     -0.0127              0.0071            0.0117
       c1_h1_L1_im_tp5 c1_h0.625_L1_im_tp5               0.0194               0.0598                     -0.0224              0.0063            0.0177
   c1_h0.833_L1_im_tp5 c1_h0.625_L1_im_tp5               0.0116               0.0442                     -0.0096              0.0020            0.0114
c1_h0.833_L1_im_tp5_p3 c1_h0.833_L1_im_tp5               0.0054               0.0203                     -0.0030              0.0010            0.0056
          c1_h2_L2_std     c1_h1_L1_im_tp5               0.0686               0.2663                     -0.0568              0.0214            0.0696
          c1_h2_L2_std c1_h0.833_L1_im_tp5               0.0717               0.2305                     -0.0695              0.0146            0.0733
           bench_cache c1_h0.625_L1_im_tp5               0.0801               0.2559                     -0.0792              0.0153            0.0813
c1_h0.833_L1_im_tp5_p3 c1_h0.625_L1_im_tp5               0.0153               0.0549                     -0.0126              0.0011            0.0150
       c1_h2_L1_im_tp5 c1_h0.625_L1_im_tp5               0.1142               0.2080                     -0.1551              0.0108            0.1113
          c1_h2_L2_std c1_h0.625_L1_im_tp5               0.0801               0.2559                     -0.0792              0.0153            0.0813
